3
1 2 3 4 5 6 7 8 9 10 11 12 13 14 15 16 17 18 19 20 21 22 23 24 25 26 27

3
1 6 24 4 5 20 18 8 9 10 11 12 13 14 15 16 17 7 19 2 21 22 23 3 25 26 27

2
54 3 9 2 7 5 33 1

Normal Perfect:
5
25 16 80 104 90 115 98 4 1 97 42 111 85 2 75 66 72 27 102 48 67 18 119 106 5 91 77 71 6 70 52 64 117 69 13 30 118 21 123 23 26 39 92 44 114 116 17 14 73 95 47 61 45 76 86 107 43 38 33 94 89 68 63 58 37 32 93 88 83 19 40 50 81 65 79 31 53 112 109 10 12 82 34 87 100 103 3 105 8 96 113 57 9 62 74 56 120 55 49 35 121 108 7 20 59 29 28 122 125 11 51 15 41 124 84 78 54 99 24 60 36 110 46 22 101


test if the row addition is working:
3
2 5 3 5 4 1 1 8 1 4 2 4 7 2 1 3 5 2 2 4 4 5 1 4 8 1 1

test if the column addition is working:
3
1 2 3 2 5 6 7 3 1 3 7 6 2 1 2 5 2 2 4 5 1 4 3 6 2 2 3




